00000000
10000000
01011110
01010101
01001010
01010001
01001110
01010001
01001110
01010001
01000110
01011101
01000010
01010001
01001110
00110001
01101110
01010001
01011110
01000001
01010010
01001111
01010000
01001111
01010000
01000111
01011100
01000011
00111100
00000011
01011100
01010111
01001000
01010011
01001110
01010001
01001110
01010001
01000110
01011101
01000010
01010001
01001110
01010001
01001110
00110001
00001110
01010011
01001100
01010111
01011100
01000011
01010000
01001111
00110000
01101111
