00000000
10000000
0111111
0000111
01110000
01101111
00010000
01101111
00110000
01011111
00100000
01011111
00100000
01011111
00100000
01011111
00101000
01100111
00111000
01110111
00001000
01110111
00000000
01101011
01001000
01000111
01000100
01001011
01000100
01000111
01001000
01010111
01001100
01010011
01011100
00100011
01010000
01000111
01011000
01000111
01011000
01001011
01010100
01001011
00110110
01101011
0010100
0110100
00010101
01111101
00000001
01100101
00111001
01000101
00111001
01000101
00111000
01100100
00011001
01110101
00001001
01100101
00111001
01000101
00111001
01000101
