000000000
100000000
010111111
000000000
011111111
000000000
001110111
010000000
001111111
000000000
010111111
000000000
000110111
010000101
001011010
010100101
001010010
010101101
000010010
011111101
000000010
001111001
010000100
011110011
000001000
001110011
000000101
010111010
000000101
010110010
001001001
010010010
000101101
010010010
001111101
000000010
001110101
010000010
001111101
000000010
010111101
000000010
000110101
010000111
001011000
010100111
001010000
010101111
000010000
011111111
000000000
001111011
010000100
011110011
000001000
001110011
000000101
010111010
000000101
010110010
001001001
010010010
